Stroke:

30.2,26.36

30.13,26.22

30.06,26.11

29.99,25.98

29.95,25.87

29.94,25.78

29.91,25.68

29.87,25.58

29.81,25.45

29.72,25.3

29.62,25.15

29.49,24.96

29.31,24.77

29.14,24.58

28.99,24.39

28.85,24.21

28.76,24.05

28.66,23.88

28.5,23.71

28.33,23.53

28.15,23.37

28.01,23.25

27.89,23.14

27.76,23.01

27.6,22.85

27.4,22.68

27.19,22.47

26.91,22.24

26.6,22.03

26.3,21.86

26.01,21.73

25.74,21.62

25.43,21.54

24.72,21.4

24.27,21.33

23.77,21.27

22.16,21.29

21.6,21.36

21.03,21.43

20.47,21.54

19.9,21.65

19.32,21.78

18.7,21.91

18.08,22.05

17.51,22.21

16.96,22.38

16.42,22.58

15.89,22.81

15.36,23.07

14.81,23.36

14.26,23.67

13.67,23.99

13.1,24.34

12.57,24.72

12.01,25.14

11.48,25.59

10.97,26.08

10.49,26.59

10.01,27.12

9.55,27.65

9.12,28.18

8.71,28.72

8.23,29.3

7.72,29.92

6.68,35.2

6.69,35.25

6.69,35.47

6.7,35.54

7.09,35.82

7.3,35.89

7.53,35.92

7.77,35.99

Stroke:

10,38.07

10.09,38.36

10.19,38.5

10.27,38.63

10.37,38.73

10.46,38.83

10.61,38.95

10.89,39.16

11.23,39.44

11.51,39.67

11.82,39.96

12.15,40.27

12.52,40.6

12.94,40.97

13.4,41.35

13.86,41.75

14.35,42.19

14.83,42.58

15.32,42.99

15.78,43.41

16.22,43.84

16.64,44.24

17.04,44.65

17.47,45.02

17.89,45.35

18.35,45.67

18.82,45.95

19.27,46.17

19.69,46.35

20.05,46.5

20.38,46.63

20.68,46.74

20.94,46.81

21.17,46.85

21.42,46.89

21.69,46.89

21.95,46.85

22.21,46.76

22.48,46.66

22.74,46.52

23.01,46.35

23.29,46.17

23.58,45.97

23.89,45.78

24.22,45.57

24.57,45.36

24.92,45.12

25.29,44.85

25.67,44.55

26.05,44.24

26.45,43.91

26.87,43.57

27.29,43.23

28.07,42.55

28.45,42.19

28.81,41.84

29.18,41.47

29.5,41.12

29.83,40.77

30.15,40.42

30.45,40.05

30.74,39.67

31.01,39.3

31.27,38.9

31.53,38.51

31.77,38.12

32.02,37.73

32.26,37.34

32.49,36.96

32.98,36.24

33.17,35.87

33.36,35.5

33.53,35.15

33.69,34.76

33.95,34.12

34.01,33.84

34.04,33.61

34.04,33.43

34.01,33.28

33.97,33.17

33.91,33.07

33.81,32.96

33.69,32.85

33.57,32.71

33.48,32.57

33.42,32.4

33.41,32.26

33.45,32.13
