Stroke:

12.04,39.08

12.04,39.05

12.05,39.01

12.07,38.95

12.1,38.89

12.11,38.86

12.12,38.83

12.13,38.81

12.14,38.8

12.13,38.79

12.14,38.79

12.14,38.79

12.13,38.78

12.14,38.78

12.14,38.79

12.13,38.8

12.14,38.82

12.14,38.84

12.13,38.86

12.12,38.91

12.1,38.96

12.07,38.96

12.05,39

12.01,39.03

11.97,39.05

11.94,39.07

11.9,39.07

11.87,39.06

11.86,39.06

11.85,39.05

11.82,39.02

11.79,38.98

11.77,38.93

11.77,38.87

11.78,38.81

11.82,38.76

11.87,38.69

11.95,38.61

11.97,38.58

11.99,38.58

12,38.58

12.01,38.58

12.01,38.59

12.02,38.61

12.02,38.62

12.02,38.67

12,38.71

11.98,38.77

11.95,38.81

11.93,38.85

11.9,38.89

11.87,38.91

11.84,38.93

11.82,38.92

11.8,38.91

11.76,38.81

11.77,38.76

11.79,38.71

11.81,38.65

11.85,38.6

11.9,38.53

11.91,38.51

11.92,38.51

11.93,38.52

11.95,38.54

11.97,38.58

11.98,38.62

11.98,38.67

11.97,38.7

11.97,38.74

11.94,38.79

11.93,38.83

11.87,38.9

11.84,38.95

11.79,38.98

11.79,38.99

11.78,38.99

11.79,38.98

11.78,38.94

11.78,38.74

11.81,38.67

11.85,38.59

11.91,38.52

11.92,38.51

11.92,38.51

11.91,38.51

11.9,38.52

11.88,38.54

11.84,38.58

11.81,38.63

Stroke:

12.17,36.78

12.17,36.85

12.17,36.94

12.15,37.03

12.15,37.12

12.15,37.23

12.17,37.31

12.18,37.42

12.18,37.47

12.18,37.53

12.18,37.62

12.17,37.67

12.25,37.87

12.25,37.95

12.25,37.98

12.26,38.05

12.28,38.15

12.26,38.18

12.26,38.24

12.26,38.26

12.25,38.34

12.25,38.39

12.24,38.43

12.24,38.45

12.24,38.48

12.21,38.49

12.2,38.51

12.19,38.57

12.18,38.59

12.18,38.61

12.18,38.61

12.18,38.62

12.18,38.63

12.17,38.64

12.17,38.64

12.17,38.65

12.17,38.66

12.16,38.67

12.14,38.68

12.13,38.71

12.12,38.72

12.12,38.74

12.11,38.75

12.11,38.75

12.11,38.76

12.1,38.77

12.11,38.77

12.1,38.78

12.09,38.79

12.09,38.79

12.09,38.81

12.08,38.84

12.07,38.88

12.07,38.91

12.07,38.92

12.07,38.91

12.07,38.91

12.07,38.91

12.07,38.91

12.07,38.91

12.07,38.91

12.07,38.91

12.07,38.91

12.07,38.91

12.07,38.91

12.07,38.91

12.07,38.9

12.08,38.9

12.07,38.9

12.07,38.89

12.07,38.88

12.07,38.87

12.06,38.85

12.06,38.8

12.07,38.75

12.07,38.69

12.05,38.6

12.04,38.51

12.03,38.46

12.03,38.39

12.04,38.29

12.04,38.23

12.04,38.15

12.04,38.07

12.04,38.02

12.03,38.01

12.03,38.01

12.02,38.01

12.01,38.01

12,38.02

11.97,38.02

11.92,38.05

Stroke:

11.5,41.34

11.54,41.25

11.61,41.17

11.78,40.98

11.83,40.94

11.88,40.92

11.91,40.93

11.93,40.94

11.94,40.94

11.94,40.95

11.95,40.96

11.95,40.98

11.97,41.06

11.98,41.18

11.99,41.3

11.99,41.44

11.97,41.57

11.96,41.66

11.95,41.77

11.94,41.86

11.94,41.89

11.94,41.92

11.95,41.92

11.95,41.91

11.95,41.9

11.96,41.88

11.97,41.88

11.99,41.86

12.05,41.85

12.13,41.84

12.19,41.86

12.22,41.87

12.24,41.89

12.26,41.92

12.27,41.94

12.27,41.97

12.26,42.02

12.25,42.11

12.22,42.21

12.17,42.34

12.12,42.48

12.11,42.6

12.08,42.62

12.08,42.63

12.09,42.6

12.09,42.55

12.09,42.46

12.1,42.37

12.1,42.27

12.11,42.16

12.12,42.02

12.16,41.85

12.2,41.7

12.26,41.54

12.32,41.41

12.35,41.33

12.36,41.32

12.36,41.32

12.36,41.34

12.35,41.35

12.35,41.36

12.33,41.37

12.31,41.38

12.28,41.42

12.21,41.47

12.09,41.52

11.99,41.6

11.91,41.68

11.82,41.76

11.73,41.83

11.68,41.88

11.65,41.89

11.65,41.89

11.65,41.88

11.67,41.84

11.73,41.78

11.8,41.69

11.88,41.61

11.98,41.56

12.03,41.54

12.04,41.55

12.04,41.59

12.04,41.67

12.01,41.81

11.96,41.94

11.9,42.06

11.81,42.21

11.72,42.35

11.65,42.44

11.59,42.52

11.56,42.56

11.55,42.58

11.55,42.58

11.55,42.56

11.55,42.51

11.6,42.42

11.67,42.33

Stroke:

14.34,38.53

14.34,38.48

14.36,38.45

14.37,38.41

14.39,38.37

14.4,38.34

14.42,38.31

14.45,38.29

14.46,38.28

14.47,38.27

14.47,38.27

14.47,38.27

14.47,38.28

14.47,38.28

14.47,38.29

14.47,38.3

14.47,38.31

14.48,38.34

14.47,38.39

14.45,38.44

14.4,38.56

14.38,38.61

14.36,38.65

14.35,38.67

14.34,38.67

14.34,38.65

14.34,38.65

14.34,38.64

14.33,38.63

14.3,38.56

14.29,38.51

14.29,38.45

14.31,38.39

14.34,38.33

14.36,38.31

14.38,38.32

14.38,38.27

14.39,38.29

14.41,38.3

14.44,38.35

14.47,38.39

14.47,38.45

14.46,38.51

14.46,38.57

14.45,38.62

14.44,38.67

14.43,38.73

14.39,38.79

14.35,38.84

14.32,38.88

14.28,38.91

14.24,38.93

14.23,38.93

14.22,38.92

14.2,38.88

14.15,38.81

14.13,38.72

14.11,38.63

14.11,38.53

14.13,38.45

14.15,38.4

14.18,38.36

14.22,38.33

14.25,38.31

14.27,38.31

14.35,38.36

14.38,38.39

14.41,38.45

14.43,38.52

14.44,38.62

14.42,38.7

14.41,38.76

14.38,38.83

14.36,38.88

14.32,38.94

14.27,38.97

14.25,38.99

14.23,39

14.22,39

14.19,38.95

14.17,38.89

14.15,38.82

14.14,38.72

14.15,38.66

14.18,38.59

14.22,38.55

14.25,38.53

14.27,38.52

14.3,38.53

14.39,38.64

14.4,38.66

14.4,38.71

14.39,38.72

14.38,38.73

14.35,38.74

14.32,38.75

14.27,38.75

14.23,38.74

14.17,38.71

14.15,38.63

14.18,38.54

14.21,38.52

14.25,38.49

14.31,38.48

Stroke:

14.67,36.34

14.68,36.43

14.69,36.54

14.7,36.66

14.71,36.78

14.73,36.95

14.75,37.11

14.75,37.31

14.74,37.46

14.73,37.61

14.72,37.74

14.71,37.89

14.68,38.02

14.66,38.15

14.65,38.28

14.63,38.4

14.61,38.49

14.62,38.58

14.6,38.69

14.6,38.75

14.6,38.79

14.6,38.81

14.6,38.83

14.6,38.84

14.6,38.85

14.6,38.84

14.6,38.84

14.59,38.84

14.6,38.83

14.59,38.83

14.58,38.79

14.58,38.78

14.58,38.79

14.58,38.77

14.57,38.77

Stroke:

16.87,40.08

16.87,40.06

16.86,40.04

16.86,40.01

16.87,39.95

16.89,39.88

16.91,39.83

16.94,39.74

16.99,39.7

17.01,39.69

17.01,39.69

17.02,39.69

17.03,39.7

17.03,39.71

17.03,39.72

17.03,39.75

17.03,39.78

17.04,39.82

17.04,39.86

17.03,39.92

17.01,39.99

16.99,40.06

16.96,40.11

16.92,40.17

16.91,40.19

16.88,40.2

16.87,40.2

16.85,40.19

16.83,40.16

16.8,40.12

16.78,40.07

16.78,40.03

16.79,39.96

16.83,39.87

16.87,39.8

16.91,39.75

16.94,39.71

16.98,39.69

17,39.69

17,39.7

17.01,39.73

17,39.77

17.01,39.84

17.01,39.9

16.99,39.97

16.97,40.02

16.95,40.05

16.92,40.09

16.87,40.12

16.84,40.15

16.82,40.15

16.8,40.13

16.78,40.09

16.77,40.04

16.75,39.97

16.74,39.84

16.73,39.76

16.73,39.73

16.72,39.71

16.72,39.69

16.73,39.69

16.73,39.69

16.73,39.69

16.73,39.71

16.74,39.73

16.74,39.76

16.73,39.79

16.73,39.81

16.72,39.84

16.7,39.85

16.69,39.86

16.67,39.86

16.64,39.87

16.64,39.86

16.68,39.86

16.72,39.82

16.76,39.74

Stroke:

17.36,37.34

17.31,37.55

17.3,37.7

17.3,37.84

17.29,38

17.3,38.38

17.28,38.57

17.26,38.76

17.25,38.94

17.25,39.13

17.25,39.29

17.25,39.43

17.27,39.56

17.27,39.69

17.26,39.81

17.24,39.9

17.22,39.99

17.21,40.04

17.21,40.05

17.21,40.06

17.21,40.05

17.21,40.05

17.22,40.03

17.22,40.02

17.21,40.01

17.21,40.01

17.21,40

17.21,40

17.21,39.99

17.21,39.98

Stroke:

14.69,44.11

14.72,44.03

14.77,43.92

14.84,43.79

14.93,43.64

15.03,43.49

15.25,43.24

15.33,43.17

15.39,43.14

15.43,43.12

15.45,43.12

15.47,43.13

15.49,43.16

15.5,43.2

15.5,43.26

15.5,43.29

15.49,43.35

15.48,43.35

15.48,43.35

15.47,43.34

15.47,43.34

15.48,43.32

15.5,43.28

15.52,43.22

15.54,43.15

15.57,43.09

15.62,43.04

15.65,43.01

15.71,42.96

15.74,42.93

15.78,42.9

15.88,42.83

15.96,42.75

16.04,42.65

16.13,42.55

16.2,42.47

16.25,42.41

16.28,42.38

16.29,42.36

16.29,42.35

16.3,42.34

16.3,42.32

16.31,42.29

16.33,42.23

16.35,42.19

16.37,42.17

16.38,42.16

16.38,42.14

16.38,42.14

16.38,42.14

16.38,42.14

16.38,42.14

16.38,42.15

16.36,42.19

16.35,42.26

16.31,42.39

16.32,42.84

16.29,43.15

16.28,43.25

16.3,43.43

16.29,43.58

16.26,43.74

16.14,43.91

16.14,43.96

16.16,43.98

16.16,43.98

16.16,43.97

16.16,43.97

16.16,43.97

16.16,43.97

16.14,43.97

16.08,43.96

15.98,43.97

15.88,43.99

15.79,43.99

15.74,43.98

15.65,43.92

15.62,43.85

15.59,43.74

15.58,43.67

15.58,43.61

15.6,43.55

15.62,43.53

15.63,43.53

15.63,43.54

15.64,43.56

15.64,43.59

15.64,43.63

15.65,43.64

15.7,43.63

Stroke:

18.47,42.18

18.46,42.17

18.46,42.16

18.46,42.16

18.46,42.15

18.47,42.13

18.48,42.11

18.49,42.07

18.5,42.03

18.5,42.02

18.5,42.02

18.49,42.02

18.48,42.02

18.48,42.03

18.46,42.03

18.32,42.02

18.17,42.09

18.09,42.16

18.01,42.23

17.95,42.32

17.89,42.41

17.86,42.48

17.84,42.56

17.81,42.62

17.81,42.68

17.82,42.73

17.84,42.75

17.87,42.77

17.9,42.77

17.96,42.78

18.03,42.77

18.13,42.77

18.24,42.76

18.27,42.76

18.31,42.75

18.34,42.74

18.38,42.73

18.4,42.69

18.42,42.64

18.46,42.59

18.49,42.54

Stroke:

18.6,40

18.61,40.15

18.64,40.35

18.66,40.56

18.71,41.07

18.71,41.33

18.68,41.6

18.64,41.87

18.62,42.09

18.61,42.28

18.59,42.45

18.68,42.59

18.75,42.5

Stroke:

15.36,46.43

15.35,46.42

15.33,46.4

15.31,46.4

15.29,46.4

15.24,46.42

15.2,46.46

15.1,46.54

15.05,46.58

15.02,46.62

14.97,46.65

14.95,46.68

14.94,46.7

14.91,46.74

14.91,46.78

14.91,46.81

14.91,46.83

14.92,46.85

14.92,46.84

14.95,46.83

14.99,46.78

15.08,46.7

Stroke:

15.62,44.69

15.61,44.69

15.61,44.7

15.61,44.72

15.6,44.79

15.58,44.88

15.56,45

15.55,45.13

15.53,45.28

15.51,45.46

15.49,45.69

15.45,45.92

15.42,46.14

15.4,46.35

15.36,46.55

15.34,46.69

15.33,46.8

15.34,46.83

15.36,46.84

15.4,46.8

15.47,46.73

15.56,46.65

15.62,46.6

Stroke:

15.61,48.95

15.63,48.89

15.65,48.84

15.67,48.81

15.68,48.77

15.71,48.74

15.71,48.73

15.71,48.73

15.71,48.74

15.72,48.75

15.72,48.8

15.71,48.87

15.71,48.99

15.7,49.12

15.7,49.23

15.71,49.34

15.71,49.41

15.71,49.45

15.72,49.46

15.72,49.46

15.72,49.46

15.72,49.45

15.71,49.44

15.7,49.44

15.69,49.45

15.67,49.45

15.63,49.46

15.58,49.48

15.54,49.48

15.52,49.47

15.51,49.47

15.49,49.43

15.48,49.38

15.47,49.32

15.47,49.25

15.47,49.19

15.46,49.1

15.45,49.08

15.45,49.07

15.45,49.08

15.45,49.08

15.45,49.07

15.46,49.06

15.5,49

15.53,48.95

15.56,48.9

15.6,48.85

15.62,48.81

15.63,48.8

15.63,48.81

15.61,48.83

15.59,48.88

15.55,48.97

15.53,49.05

15.5,49.12

15.49,49.16

15.5,49.17

15.54,49.14

15.61,49.05

15.71,48.98

Stroke:

15.66,49.4

15.67,49.4

15.68,49.41

15.7,49.38

15.72,49.31

15.77,49.22

15.82,49.09

15.88,48.94

15.96,48.76

16.06,48.56

16.14,48.35

16.2,48.07

16.25,47.76

16.3,47.42

16.33,47.07

16.37,46.81

16.4,46.64

16.42,46.58

16.42,46.57

16.4,46.61

16.37,46.67

16.33,46.77

16.3,46.86

16.3,46.96

Stroke:

12.48,44.82

12.49,44.82

12.49,44.82

12.49,44.79

12.48,44.77

12.47,44.75

12.46,44.71

12.45,44.69

12.43,44.68

12.41,44.65

12.37,44.62

12.33,44.61

12.29,44.61

12.24,44.63

12.19,44.64

12.15,44.67

12.11,44.7

12.05,44.76

11.99,44.79

11.94,44.83

11.85,44.88

11.8,44.9

11.75,44.93

11.7,44.96

11.67,44.98

11.65,45

11.65,45.01

11.64,45.02

11.64,45.02

11.64,45.03

11.65,45.03

11.65,45.03

11.65,45.03

11.65,45.03

11.65,45.03

11.66,45.04

11.67,45.06

11.69,45.08

11.71,45.1

11.75,45.11

11.82,45.11

11.93,45.1

12.06,45.1

12.19,45.14

12.29,45.18

12.39,45.26

12.47,45.37

12.52,45.45

12.54,45.54

12.54,45.65

12.52,45.73

12.48,45.82

12.43,45.9

12.38,45.95

12.34,46

12.3,46.05

12.25,46.09

12.22,46.12

12.19,46.15

12.17,46.2

12.15,46.24

12.13,46.28

12.11,46.31

12.09,46.35

12.08,46.36

12.08,46.37

12.08,46.37

12.08,46.37

12.07,46.38

12.07,46.39

12.07,46.4

12.06,46.42

12.06,46.42

12.06,46.42

12.06,46.42

12.06,46.41

12.07,46.39

12.1,46.32

12.16,46.19

12.25,46.04

12.35,45.91

12.46,45.79

12.5,45.76

12.53,45.74

12.54,45.75

12.54,45.73

12.56,45.73

12.58,45.72

12.6,45.7

12.63,45.66

12.66,45.59

12.7,45.54

12.73,45.47

12.74,45.44

12.75,45.42

12.76,45.38

12.8,45.34

12.81,45.3

12.82,45.27

12.82,45.26

12.82,45.26

12.82,45.27

12.82,45.27

12.81,45.28

12.81,45.29

12.8,45.31

12.78,45.35

12.77,45.4

12.74,45.49

12.72,45.55

12.69,45.63

12.67,45.66

12.66,45.67

12.66,45.66

12.66,45.66

12.66,45.64

12.67,45.62

12.67,45.59

12.7,45.47

12.72,45.43

12.72,45.38

12.74,45.3

12.74,45.23

12.72,45.13

12.71,45.02

12.7,44.91

12.7,44.77

12.7,44.62

12.71,44.44

12.73,44.23

12.77,44

12.8,43.82

12.84,43.65

12.86,43.52

12.88,43.41

12.89,43.27

12.93,43.16

12.95,43.05

12.96,42.93

12.96,42.81

12.96,42.74

12.96,42.69

12.96,42.66

12.96,42.65

12.96,42.64

12.96,42.63

12.96,42.61

12.96,42.58

12.96,42.51

12.95,42.36

12.95,42.32

12.94,42.32

12.94,42.33

12.94,42.33

12.93,42.35

12.93,42.38

12.95,42.41

12.99,42.45

13.09,42.5

Stroke:

20.55,43.25

20.55,43.2

20.55,43.18

20.55,43.15

20.54,43.1

20.52,43.09

20.49,43.07

20.49,43.08

20.45,43.06

20.42,43.05

20.38,43.05

20.35,43.05

20.3,43.06

20.23,43.09

20.15,43.13

20.05,43.2

19.95,43.28

19.83,43.36

19.73,43.44

19.67,43.57

19.57,43.68

19.41,43.91

19.33,44.06

19.26,44.21

19.2,44.55

19.19,44.64

19.19,44.74

19.18,44.78

19.18,44.84

19.2,44.92

19.23,44.98

19.29,45.03

19.34,45.05

19.42,45.07

19.51,45.09

19.6,45.09

19.68,45.1

19.76,45.11

19.82,45.11

19.87,45.1

19.96,45.08

20.05,45.04

20.11,45

20.23,44.88

20.31,44.8

20.41,44.7

20.49,44.61

20.54,44.52

20.58,44.44

20.65,44.34

20.69,44.23

20.72,44.15

20.71,44.06

20.7,44.01

20.68,43.92

20.65,43.88

20.64,43.87

20.63,43.86

20.62,43.86

20.61,43.84

20.56,43.81

20.53,43.79

20.49,43.76

20.44,43.72

20.38,43.67

20.31,43.63

20.26,43.61

20.22,43.61

20.14,43.64

20.04,43.7

19.72,44.02

19.63,44.13

19.43,44.33

19.36,44.41

19.19,44.66

19.16,44.78

19.14,44.86

19.13,44.94

19.12,44.96

19.12,44.98

19.14,44.98

19.15,44.97

19.2,44.96

19.27,44.95

19.36,44.93

19.46,44.9

19.55,44.86

19.63,44.83

19.69,44.78

19.74,44.73

19.79,44.68

19.85,44.62

19.89,44.56

19.92,44.53

19.94,44.5

19.98,44.48

20,44.45

20.04,44.42

20.1,44.38

20.13,44.33

20.14,44.31

20.17,44.28

20.23,44.24

20.26,44.21

20.31,44.16

20.37,44.11

20.43,44.08

20.47,44.02

20.54,43.94

20.6,43.88

20.65,43.85

20.66,43.82

20.67,43.81

20.66,43.83

20.64,43.88

20.49,44.1

20.36,44.24

20.28,44.38

20.18,44.51

20.08,44.64

20,44.73

19.93,44.8

19.91,44.83

19.91,44.83

19.92,44.81

19.96,44.76

20,44.69

20.05,44.61

20.12,44.53

20.22,44.44

Stroke:

20.76,44.15

20.77,44.11

20.77,44.02

20.77,43.88

20.81,43.74

20.84,43.58

20.85,43.38

20.84,43.15

20.82,42.88

20.8,42.57

20.79,42.23

20.82,41.87

20.88,41.47

20.96,41.17

21.03,40.93

21.08,40.7

21.14,40.47

21.19,40.24

21.24,40

21.32,39.79

21.36,39.6

21.38,39.46

21.38,39.39

21.38,39.37

21.38,39.36

21.38,39.37

21.35,39.4

21.32,39.48

21.3,39.58

21.27,39.72

21.23,39.92

Stroke:

23.73,42.12

23.73,42.15

23.7,42.16

23.68,42.19

23.65,42.21

23.63,42.22

23.62,42.24

23.6,42.27

23.59,42.29

23.56,42.37

23.56,42.38

23.56,42.38

23.56,42.38

23.56,42.37

23.56,42.37

23.57,42.36

23.57,42.36

23.59,42.33

23.62,42.28

23.64,42.21

23.65,42.17

23.67,42.14

23.66,42.14

23.66,42.14

23.63,42.17

23.58,42.22

23.46,42.28

23.32,42.35

23.19,42.43

23.08,42.48

22.96,42.55

22.84,42.62

22.71,42.68

22.6,42.77

22.47,42.88

22.36,42.99

22.28,43.11

22.23,43.19

22.2,43.29

22.18,43.32

22.18,43.32

22.18,43.32

22.19,43.32

22.21,43.29

22.25,43.24

22.32,43.14

22.41,43.04

22.49,42.95

22.6,42.87

22.7,42.81

22.79,42.79

22.86,42.79

22.92,42.8

22.96,42.81

22.99,42.82

23.03,42.81

23.07,42.82

23.24,43.04

23.4,43.24

23.42,43.32

23.42,43.39

23.41,43.48

23.39,43.56

23.36,43.65

23.28,43.85

23.26,43.92

23.24,43.99

23.25,44.03

23.24,44.05

23.23,44.06

23.23,44.06

23.23,44.05

23.22,44.02

23.23,44

23.23,43.95

23.22,43.87

23.22,43.78

23.19,43.67

23.15,43.54

23.08,43.4

23.02,43.27

22.99,43.17

22.96,43.08

22.94,43.04

22.93,43.01

22.93,42.99

22.92,42.98

22.92,42.96

22.93,42.91

22.95,42.84

22.98,42.78

23,42.68

23.05,42.56

23.07,42.45

23.08,42.3

23.09,42.17

23.13,42.06

23.17,41.93

23.23,41.79

23.29,41.64

23.36,41.49

23.42,41.35

23.47,41.25

23.51,41.19

23.52,41.19

23.51,41.2

23.51,41.21

23.51,41.21

23.5,41.21

23.5,41.21

23.48,41.2

23.46,41.22

23.4,41.27

23.33,41.33

23.28,41.38

23.23,41.47

23.16,41.59

23.12,41.67

23.11,41.75

23.11,41.77

23.12,41.78

23.14,41.77

23.18,41.76

23.26,41.74

23.37,41.71

23.51,41.69

23.64,41.68

23.73,41.69

23.79,41.77

23.83,41.85

23.87,41.97

23.88,42.1

23.87,42.23

23.83,42.35

23.8,42.45

23.75,42.5

23.7,42.55

23.65,42.59

23.6,42.61

23.6,42.6

23.6,42.6

23.63,42.61

23.67,42.59

23.73,42.57

23.8,42.55

Stroke:

24.1,42.4

24.11,42.4

24.11,42.4

24.14,42.32

24.17,42.21

24.2,42.06

24.24,41.89

24.28,41.7

24.31,41.5

24.34,41.26

24.35,40.98

24.33,40.68

24.3,40.3

24.29,39.83

24.32,39.35

24.38,38.86

24.48,38.42

24.59,38.07

24.69,37.79

24.79,37.6

24.8,37.56

24.84,37.46

24.86,37.37

24.87,37.3

24.88,37.28

24.87,37.29

24.85,37.32

24.81,37.42

24.77,37.53
